100048
100146
100237
100320
100408
100415
100499
100526
100586
100625
100638
100722
100786
101035
101147
101152
101373
101391
101411
101436
101440
101630
101698
101734
101748
101816
101837
101908
102244
102273
102466
102767
102918
102986
103069
103082
103090
103186
103294
103490
103950
104055
104072
104079
104173
104251
104259
104421
104956
105039
105052
105265
105296
105303
105367
105482
105511
105870
105965
105967
105974
106083
106140
106357
106369
106369
106467
106512
106611
106632
106731
106785
106897
106949
107043
107187
107204
107350
107367
107420
107505
107582
107640
107854
108002
108090
108323
108366
108414
108422
108492
108676
108747
108952
108983
109043
109080
109225
109505
109548
109573
109589
109653
109758
109793
109911
109970
110085
110136
110190
110269
110442
110517
110739
110784
110849
110872
111170
111252
111408
111464
111578
111583
111610
111665
111680
111826
111974
112187
112212
112258
112603
112626
112683
112760
112761
112998
113026
113048
113068
113109
113116
113122
113215
113268
113397
113414
113427
113466
113468
113696
113981
114047
114149
114164
114192
114355
114394
114432
114460
114559
114749
114848
114949
114964
115185
115269
115299
115434
115784
115859
115910
115925
115944
116023
116126
116150
116193
116234
116270
116475
116534
116587
116724
116994
117275
117433
117515
117578
117622
118039
118101
118144
118238
118255
118261
118316
118356
118496
118554
118661
118688
118853
118863
118930
118984
119091
119166
119549
119808
120044
120062
120105
120159
120229
120268
120300
120651
120710
120759
120764
121015
121113
121120
121162
121213
121284
121323
121324
121325
121536
121613
121621
121739
121874
122260
122273
122422
122498
122700
122780
122861
122989
122997
123075
123117
123129
123241
123543
123552
123601
123720
123723
123736
123836
123898
123967
124015
124113
124209
124263
124378
124413
124528
124659
124859
124922
124951
125128
125134
125363
125429
125431
125526
125631
125645
125665
125713
125746
125995
126084
126205
126226
126312
126376
126502
126524
126566
126568
126597
126633
126686
126690
126715
126770
126785
126802
126845
126917
126934
126988
127004
127204
127212
127283
127289
127427
127430
127592
127702
127710
127965
128056
128069
128078
128106
128133
128271
128288
128310
128362
128403
128422
128545
128640
128661
128685
128846
128898
128903
129050
129160
129354
129636
129881
129932
130139
130232
130259
130403
130699
130722
130726
131085
131091
131108
131216
131230
131242
131249
131262
131352
131444
131525
131576
131650
131808
131827
131897
131955
132046
132063
132130
132284
132303
132315
132440
132491
132631
132710
132894
132897
132965
133054
133104
133171
133219
133235
133372
133413
133601
133745
133761
134186
134268
134357
134458
134527
134606
134665
134711
134730
134828
135012
135069
135138
135149
135189
135496
135510
135541
135578
135640
135643
135663
135689
135822
135904
135988
136022
136032
136064
136189
136294
136362
136539
137028
137150
137178
137185
137307
137437
137452
137554
137741
137750
137832
137884
138028
138044
138157
138338
138348
138384
138428
138503
138519
138537
138584
138698
138920
138981
139126
139411
139502
139534
139573
139610
139862
139951
140026
140218
140225
140308
140322
140368
140699
140738
140779
140826
140907
140951
140977
141511
141592
141663
141771
141799
142083
142255
142385
142392
142421
142440
142561
142597
142827
142921
142987
143009
143012
143206
143296
143323
143412
143531
143567
143570
143612
143668
143825
143970
143976
144034
144095
144115
144128
144150
144241
144472
144692
144780
144822
144982
145086
145118
145373
145382
145436
145450
145459
145506
145570
145570
145589
145614
145812
145880
145926
145945
145950
145998
146044
146079
146120
146239
146300
146663
146728
146764
146857
146920
147039
147325
147388
147403
147480
147663
147710
147784
147791
147813
147862
147877
147892
147914
147979
147982
148019
148169
148328
148335
148346
148481
148663
148736
148738
148762
148809
148834
149022
149286
149319
149493
149554
149765
149819
149819
149834
150130
150157
150526
150574
150597
150624
150724
150879
150920
150994
151188
151387
151426
151443
151468
151497
151547
151606
151703
151830
152024
152053
152162
152266
152278
152278
152339
152352
152474
152549
152665
152796
152819
152865
152949
152962
152983
153090
153248
153395
153510
153603
153649
153664
153867
153892
153909
153911
153948
154065
154174
154210
154240
154276
154488
154583
154607
154664
154826
154877
154908
155072
155114
155386
155533
155589
155694
155734
155824
156024
156053
156125
156224
156543
156617
156712
156739
156753
156809
156893
156983
157022
157040
157076
157079
157096
157153
157252
157361
157431
157530
157535
157788
157800
157899
158274
158349
158453
158594
158735
158781
159109
159189
159282
159303
159349
159552
159686
159805
159850
159902
159919
160135
160178
160306
160468
160581
160856
161012
161041
161431
161782
162170
162213
162325
162340
162660
162683
162710
162720
162800
162956
163186
163229
163331
163334
163429
163472
164068
164196
164214
164225
164236
164400
164404
164478
164690
164697
164784
164805
164868
164872
164992
165255
165259
165262
165367
165471
165524
165602
165612
165846
165920
165928
165971
165996
166119
166424
166513
166675
166835
166860
166897
167029
167117
167187
167278
167467
167471
167520
167595
167668
167732
167752
167781
167800
167855
168016
168018
168258
168317
168339
168387
168521
168537
168546
168660
168707
168746
168778
168864
168952
169108
169145
169180
169213
169345
169491
169528
169584
169621
169773
169808
169870
169920
169924
170268
170279
170378
170391
170395
170552
170624
170639
170680
170708
170807
171128
171142
171315
171379
171474
171478
171512
171582
171590
171639
171691
171962
171979
172211
172213
172227
172307
172415
172415
172475
172535
172674
172732
172796
172871
172993
173029
173157
173320
173364
173480
173485
173508
173646
173680
173941
173997
174382
174384
174620
174634
174685
174732
174807
175160
175182
175399
175402
175469
175497
175510
175610
175797
175837
175909
176192
176286
176420
176439
176528
176717
176888
176907
177042
177163
177209
177233
177275
177317
177593
177738
177790
177914
177926
178011
178087
178447
178522
178564
178633
178639
178674
178709
178836
178885
179169
179171
179210
179255
179353
179466
179512
179643
179697
180256
180257
180274
180369
180385
180449
180473
180484
180498
180518
180670
180707
180734
180735
180895
180903
180940
180963
181061
181064
181281
181320
181405
181602
181622
181751
181801
181804
181908
181997
182115
182350
182411
182446
182781
182874
182956
183091
183644
183761
183779
183791
183901
184207
184231
184296
184304
184347
184374
184403
184483
184501
184573
184597
184664
184768
184825
185166
185239
185284
185365
185420
185439
185908
185913
185927
185971
185995
186106
186175
186221
186312
186382
186599
186684
187010
187073
187105
187125
187303
187331
187461
187470
187558
187833
188172
188198
188417
188567
188706
188837
188979
189016
189080
189090
189104
189311
189385
189397
189588
189908
189994
190078
190107
190176
190391
190467
190470
190751
190758
190759
190837
190861
190935
190952
191230
191437
191454
191464
191505
191543
191616
191672
191706
191710
191748
191781
191796
191937
192033
192039
192086
192101
192156
192186
192239
192333
192345
192400
192474
192572
192639
192813
192965
193071
193128
193165
193178
193201
193225
193251
193291
193396
193800
193866
193912
193929
194091
194289
194325
194360
194523
194587
194663
194903
194971
195022
195316
195515
195553
195626
195960
196018
196243
196291
196535
196557
196611
196958
197076
197315
197361
197410
197418
197445
197468
197481
197591
197615
197633
197653
197918
197956
198066
198207
198402
198505
198701
198712
199066
199073
199158
199171
199233
199253
199395
199568
199634
199920
199976
199987
199994
200035
200272
200352
200516
200530
200669
200885
200908
200979
201075
201134
201236
201293
201300
201441
201663
201881
201902
201921
202101
202106
202121
202222
202259
202326
202466
202488
202498
202505
202505
202661
202683
202793
202799
203026
203031
203033
203055
203068
203187
203382
203501
203642
203732
203799
203817
203854
203917
204177
204444
204522
204545
204617
204673
204908
204916
204933
204945
205010
205025
205141
205304
205358
205667
205674
205707
205726
205732
205739
206002
206651
206667
206708
206731
206767
206775
206827
206829
206852
206891
207015
207031
207091
207241
207292
207295
207345
207620
207738
207838
208088
208161
208259
208272
208278
208298
208482
208492
208570
208773
208787
208855
208962
208984
208984
209074
209166
209358
209395
209484
209512
209716
209838
209840
209848
209860
210100
210239
210388
210562
210582
210605
210614
210629
210737
210740
210785
210908
211102
211181
211187
211191
211206
211297
211381
211421
211439
211468
211470
211502
211589
211827
211891
211968
212067
212186
212478
212497
212516
212737
212864
213085
213093
213118
213155
213165
213264
213334
213467
213638
213672
213923
214050
214098
214147
214426
214432
214501
214646
214816
214887
214957
215070
215182
215188
215198
215309
215353
215571
215597
215665
215732
215751
215914
215998
216112
216116
216172
216266
216469
216512
216514
216793
216817
216898
216990
216998
217083
217136
217314
217402
217469
217544
217559
217593
217619
217685
217690
217723
217755
217814
217857
217888
217897
218002
218036
218226
218326
218367
218449
218491
218612
218662
218727
218732
218786
219066
219162
219165
219310
219312
219334
219523
219565
219622
219628
219723
219736
219750
219777
219896
219933
220089
220324
220348
220407
220494
220777
220788
220802
220883
220916
220943
221029
221031
221034
221118
221189
221354
221368
221412
221437
221512
221618
221626
221705
221737
221794
221953
221959
222190
222227
222564
222597
222718
222772
222907
222919
222971
223002
223012
223048
223151
223190
223299
223331
223403
223486
223628
223668
223760
223796
223807
223832
223836
223888
223922
223933
223969
224001
224024
224303
224395
224830
224869
224876
224881
224894
225003
225118
225154
225395
225477
225494
225536
225600
225615
225674
225832
225939
225988
226025
226148
226296
226463
226567
226663
226718
226756
226797
226804
226826
226887
227052
227211
227493
227562
227572
227577
227615
227672
227676
227872
227897
227911
227949
228007
228013
228222
228246
228434
228475
228515
228547
228653
228741
228796
228835
228880
228914
228919
229025
229138
229183
229210
229262
229314
229322
229364
229700
229773
229815
229820
230106
230256
230270
230394
230412
230625
230636
230649
230696
230967
231092
231202
231211
231314
231376
231668
231717
231722
231729
231851
231874
231933
231934
231953
232205
232354
232386
232537
232572
232660
232785
233064
233199
233280
233334
233488
233552
233755
233774
233840
233994
233999
234177
234194
234451
234458
234477
234519
234534
234621
234812
234831
235025
235171
235232
235381
235386
235476
235502
235652
235682
235810
236114
236133
236313
236478
236519
236615
236691
236695
236916
236994
237025
237428
237449
237452
237482
237557
237558
237626
237642
237700
237876
237891
237952
238165
238185
238232
238256
238444
238498
238620
238652
238686
238820
238974
239099
239101
239111
239200
239264
239287
239288
239376
239402
239478
239640
239649
239702
239727
239755
239811
240021
240090
240095
240373
240441
240565
240588
240661
240736
240763
240806
240809
240850
240950
240976
240983
241261
241332
241515
241629
241767
241860
242001
242051
242059
242125
242189
242356
242538
242550
242729
242756
242887
242889
242987
243062
243157
243275
243346
243699
243818
243824
243873
243964
244102
244153
244305
244344
244551
244573
244598
244604
244619
244716
244802
244895
244960
244993
245001
245435
245466
245522
245537
245602
245700
245801
245813
245829
245908
246113
246233
246340
246441
246463
246473
246478
246478
246522
246663
246721
246766
246795
246903
246948
246970
246980
246985
247044
247182
247187
247296
247448
247486
247516
247792
247796
247876
248007
248019
248033
248126
248317
248506
248556
248706
248754
248876
249114
249150
249160
249303
249370
249432
249445
249502
249555
249812
249943
250337
250347
250373
250484
250548
250703
250712
250761
250786
250863
250872
251144
251145
251190
251205
251274
251347
251458
251527
251529
251722
251786
251876
251934
252039
252109
252232
252315
252392
252409
252448
252545
252629
252829
252903
252981
253017
253108
253215
253438
253524
253727
253870
253952
253993
254006
254040
254161
254270
254389
254519
254671
254679
254915
255037
255310
255484
255609
255969
256019
256149
256311
256571
256590
256695
256733
256782
256921
256931
257041
257072
257397
257654
257655
257857
257873
257973
257985
258029
258063
258113
258139
258337
258537
258616
258618
258686
258757
258769
258890
258892
258932
259003
259034
259148
259213
259296
259316
259617
259727
259750
260003
260080
260100
260116
260145
260341
260393
260579
260629
260730
260785
260931
261036
261120
261132
261148
261290
261359
261481
261527
261819
261888
261904
262057
262080
262182
262184
262187
262207
262360
262381
262447
262474
262516
262622
262884
262939
262983
263014
263025
263061
263227
263273
263295
263349
263567
263606
263753
264021
264065
264072
264126
264159
264512
264558
264670
264723
264827
264876
264900
264914
265023
265049
265115
265116
265247
265401
265451
265487
265695
265765
265809
265820
265880
265907
266177
266207
266461
266542
266601
266635
266710
266721
266840
266968
266994
267117
267186
267355
267440
267448
267474
267493
267526
267548
267681
267731
267776
267888
268124
268126
268127
268131
268317
268329
268330
268479
268480
268588
268806
268829
268964
269135
269220
269354
269440
269630
269677
269749
269869
269889
270057
270367
270382
270457
270492
270539
270571
270758
270779
270784
270928
270936
271051
271079
271213
271226
271327
271510
271672
271837
271847
271856
271858
271941
271966
271979
272013
272046
272076
272201
272420
272511
272621
272742
272827
272864
272875
272936
273030
273048
273236
273290
273329
273427
273485
273501
273920
273935
274060
274141
274235
274388
274447
274577
274579
274579
274707
274745
274783
274802
274814
274817
274911
275134
275184
275761
276091
276422
276429
276482
276609
276707
276864
276994
277214
277221
277242
277295
277386
277392
277440
277589
277664
277705
277736
277764
277770
277808
277888
277919
277930
277971
278148
278212
278336
278336
278346
278410
278637
278677
278911
278911
279204
279239
279254
279303
279536
279546
279644
279646
279827
279869
279870
279927
280093
280118
280273
280318
280340
280393
280553
280673
280711
280815
280825
281032
281117
281246
281316
281649
281656
281804
281898
282083
282175
282366
282491
282616
282649
282661
282742
282787
283131
283226
283326
283381
283467
283493
283510
283617
283620
283643
283863
283912
284321
284570
284860
284879
284919
284925
284965
285072
285078
285370
285511
285617
285617
285830
285833
285861
286030
286187
286195
286312
286321
286378
286607
286653
286684
286828
287036
287051
287073
287315
287619
287708
287763
287841
287951
288266
288295
288299
288510
288748
288937
289084
289093
289161
289217
289386
289386
289394
289440
289548
289571
289632
289712
289812
289865
289915
289970
290001
290087
290300
290471
290810
290903
291063
291081
291126
291174
291233
291311
291336
291342
291357
291404
291440
291441
291443
291712
291846
291971
291978
292126
292149
292203
292214
292465
292492
292505
292604
292630
292856
292880
292937
293082
293170
293234
293247
293340
293342
293414
293448
293490
293563
293578
293728
293906
294032
294072
294191
294316
294372
294514
294561
294697
294743
295048
295062
295100
295205
295583
295636
295663
295687
295770
295909
296031
296263
296341
296429
296461
296781
296817
296993
297014
297114
297136
297157
297160
297241
297248
297248
297296
297333
297413
297489
297519
297571
297652
297834
297991
298138
298156
298245
298380
298398
298557
298562
298779
298928
299082
299291
299563
299865
299894
299922
299985
300008
300067
300100
300151
300287
300315
300348
300431
300454
300526
300615
300665
300695
300730
300737
300966
301085
301275
301330
301388
301548
301624
301827
301871
301946
301988
302090
302156
302214
302254
302387
302448
302613
302618
302738
302807
302861
302965
303011
303024
303228
303297
303452
303461
303477
303527
303677
303884
303937
303979
304257
304352
304391
304439
304610
304731
304783
304823
304854
304953
304955
304990
305048
305110
305344
305348
305352
305373
305402
305409
305519
305584
305701
305868
305983
306108
306128
306164
306196
306290
306321
306365
306461
306652
306765
306766
306816
306922
306965
306995
307220
307370
307437
307625
307831
307938
307938
308355
308454
308597
308602
308881
308984
309030
309077
309305
309325
309448
309483
309600
309734
309780
309922
309958
310196
310204
310346
310379
310424
310541
310688
310714
310716
310791
310840
310907
310969
311035
311065
311179
311299
311332
311374
311610
311653
311727
311755
311957
312225
312249
312419
312552
312732
312769
312823
312971
313052
313103
313275
313294
313415
313427
313470
313906
314009
314020
314326
314481
314603
314637
314709
314819
315047
315097
315111
315132
315184
315277
315311
315356
315411
315459
315607
315699
315777
315933
316123
316149
316176
316184
316204
316313
316591
316594
316614
316632
316900
317042
317150
317157
317270
317334
317382
317391
317424
317434
317555
317734
317883
318006
318202
318241
318338
318409
318495
318584
318626
318719
318997
319034
319221
319258
319265
319410
319441
319552
319608
319659
319687
319721
319748
319820
319847
319884
319915
319921
319950
320019
320053
320087
320429
320494
320538
320555
320626
320656
320705
320706
320764
321093
321212
321303
321438
321472
321859
321868
321938
321957
321965
322017
322279
322320
322325
322338
322362
322408
322509
322603
322616
322675
322710
322783
322854
322860
322903
322945
322990
323009
323048
323187
323278
323414
323910
323925
323942
324026
324115
324121
324124
324285
324410
324467
324486
324494
324558
324714
324871
325026
325207
325339
325481
325484
325516
325564
325729
326177
326303
326322
326411
326489
326543
326705
327144
327247
327304
327368
327379
327411
327429
327450
327581
327609
327813
327938
328027
328278
328458
328500
328516
328605
328949
328996
329022
329065
329169
329283
329290
329337
329351
329459
329476
329588
329601
329753
329788
329806
329843
329940
329957
329980
330002
330008
330017
330207
330248
330424
330477
330515
330541
330566
330578
330607
330847
330925
330930
330963
330971
331487
331549
331948
331949
332014
332015
332049
332105
332134
332281
332296
332675
332835
332915
332995
333041
333188
333249
333265
333879
334033
334165
334236
334342
334469
334578
334590
334591
334919
334947
335040
335051
335056
335087
335106
335169
335284
335358
335360
335377
335435
335508
335566
335626
335666
335749
335954
335973
336301
336332
336361
336553
336598
336630
336678
336688
336730
336743
336763
336888
337043
337120
337442
337575
337591
337614
337713
337834
337885
338043
338044
338072
338131
338286
338342
338477
338623
338854
338928
339022
339121
339232
339278
339382
339489
339500
339661
339674
339954
339961
339984
340096
340181
340479
340594
340802
340837
340971
340977
341013
341150
341175
341532
341559
341605
341730
341765
341942
341946
341954
341980
342161
342181
342212
342252
342272
342401
342442
342864
342929
342952
343017
343052
343071
343147
343157
343285
343434
343449
343517
343547
343612
343797
343840
343854
343859
343981
344132
344268
344271
344298
344370
344400
344542
344562
344759
344772
344878
344925
345027
345101
345171
345302
345328
345328
345330
345342
345997
346066
346094
346542
346569
346721
346971
346987
346989
347027
347046
347200
347285
347592
347685
347839
347998
348128
348193
348281
348330
348385
348389
348464
348491
348550
348587
348590
348624
348808
348834
348869
348884
349301
349330
349337
349372
349541
349676
349968
350079
350120
350221
350248
350518
350704
351415
351470
351522
351570
351611
351741
352055
352087
352097
352130
352218
352282
352314
352418
352600
352782
352801
352868
352924
352989
353087
353251
353475
353553
353591
353761
353869
354240
354398
354426
354464
354480
354527
354628
354628
354650
354699
354713
354829
354902
355128
355196
355221
355258
355360
355373
355469
355545
355611
355795
355838
355863
356188
356303
356398
356412
356482
356809
356923
356947
357010
357015
357098
357184
357188
357273
357344
357364
357425
357474
357544
357580
357679
357716
357779
357817
357930
357973
357999
358002
358261
358310
358608
358619
358916
359243
359529
359666
359691
359747
359976
359991
360085
360118
360202
360277
360391
360500
360542
360558
360604
360678
360790
360814
360910
360972
361130
361144
361179
361269
361690
361705
361769
361848
361887
361942
362221
362225
362561
362679
362740
362779
362807
362950
362970
363004
363042
363043
363079
363372
363636
363734
363931
363967
364289
364340
364435
364490
364546
364554
364674
364717
364833
364937
364938
364987
365017
365126
365285
365331
365358
365536
365646
365825
366003
366059
366321
366576
366607
366625
366829
366918
366924
367025
367037
367047
367094
367097
367101
367134
367271
367278
367342
367389
367544
367600
367610
368063
368147
368280
368283
368300
368334
368409
368429
368454
368562
368698
368703
368813
368816
368837
368884
368929
368981
368984
369055
369055
369146
369181
369185
369312
369405
369432
369440
369455
369586
369597
369630
369669
369706
369881
370064
370395
370508
370667
370755
370805
370816
370885
370911
371030
371393
371487
371561
371655
371850
371879
372056
372240
372247
372392
372589
372662
372728
372836
372852
372897
373082
373111
373200
373231
373380
373616
374001
374013
374050
374392
374499
374578
374652
374819
374849
374902
374921
375003
375085
375118
375258
375336
375391
375433
375685
375696
375735
375883
375894
375915
376225
376501
376507
376573
376578
376631
376669
376828
377040
377063
377075
377125
377145
377173
377402
377463
377497
377696
377756
377802
377946
378060
378158
378169
378181
378515
378662
378857
378879
378880
378922
379144
379168
379205
379244
379453
379508
379627
379785
379846
379923
379989
380185
380237
380426
380497
380651
380720
380733
380814
380860
381020
381092
381247
381331
381350
381566
381697
381722
381828
381999
382504
382535
382625
382638
382889
382923
382937
383202
383202
383275
383281
383315
383338
383557
383575
383817
383848
383880
383989
384170
384189
384195
384240
384333
384338
384408
384436
384522
384674
384785
385083
385133
385168
385198
385375
385471
385746
385761
385798
385947
386205
386246
386286
386379
386388
386413
386445
386613
386867
386870
386939
386946
387184
387220
387394
387432
387456
387547
387588
387842
387920
388004
388160
388639
388732
388752
388831
389023
389103
389151
389179
389488
389769
389936
389943
390061
390188
390228
390287
390402
390446
390529
390550
390559
390659
390802
390879
390969
390986
391176
391271
391508
391542
391554
391589
391719
391743
391812
391854
391978
392068
392200
392335
392381
392405
392538
392581
392624
392868
393002
393141
393181
393246
393323
393456
393477
393606
393675
393839
393939
394251
394449
394451
394530
394542
394546
394741
394804
394884
394948
395051
395081
395128
395165
395423
395471
395549
395868
395873
395899
395998
396022
396095
396212
396489
396632
396745
396906
396946
397098
397099
397169
397175
397422
397541
397600
397618
397682
397703
397729
397819
397824
397940
397948
398044
398064
398115
398283
398512
398598
398654
398893
398935
398950
399039
399117
399121
399189
399425
399496
399497
399778
399827
400121
400177
400303
400392
400408
400488
400535
400551
400628
400732
400748
400915
400945
401034
401265
401317
401476
401544
401599
401633
401670
401672
401750
401819
401991
401996
402008
402073
402074
402154
402266
402278
402320
402374
402423
402465
402495
402515
402563
402570
402596
402597
402679
402706
402862
402972
402983
403015
403024
403044
403106
403306
403352
403408
403479
403528
403537
403599
403619
403679
403731
403909
403967
403984
404009
404101
404405
404421
404643
404676
404776
404783
404926
404998
405008
405097
405125
405149
405263
405286
405419
405569
405687
405742
405771
405848
405857
405902
405948
405949
406144
406264
406287
406354
406635
406762
406799
406861
406927
407010
407013
407028
407075
407076
407140
407141
407260
407278
407462
407499
407646
407731
407747
407749
407993
408050
408111
408266
408652
408727
408940
409066
409141
409194
409273
409282
409350
409642
409799
409858
409870
410019
410097
410143
410346
410449
410525
410571
410649
410867
410931
410943
411014
411072
411094
411254
411321
411321
411504
411760
411974
412136
412390
412558
412601
412665
412770
412984
413034
413172
413249
413349
413485
413752
413818
414088
414132
414208
414216
414419
414457
414467
414486
414523
414872
414886
414962
415021
415067
415317
415341
415344
415375
415409
415608
415668
415808
415981
416044
416112
416137
416172
416178
416231
416293
416313
416451
416470
416580
416614
416695
416743
416743
416787
416870
417074
417089
417137
417221
417227
417318
417351
417528
417545
417564
417752
417758
417776
417833
417908
418007
418438
418444
418467
418672
418681
418701
418808
418974
418983
419069
419189
419396
419399
419432
419643
419675
419712
419776
419844
420057
420074
420102
420198
420238
420428
420472
420638
420646
420665
420942
421150
421220
421234
421303
421326
421369
421428
421462
421510
421612
421764
421805
421878
421951
421976
422096
422123
422151
422234
422255
422259
422308
422369
422427
422472
422476
422507
422594
422618
422658
422732
422757
422799
422835
422879
422886
422959
423105
423181
423229
423406
423486
423581
423616
423666
423764
423897
423991
424255
424357
424363
424380
424425
424476
424493
424651
424668
424755
424811
424821
425120
425256
425277
425376
425468
425539
425616
425663
425844
425884
426033
426075
426193
426252
426332
426542
426548
426580
426637
426709
426714
426736
426785
426803
426900
426967
427056
427129
427300
427304
427401
427411
427567
427625
427665
427714
427993
428119
428139
428192
428220
428334
428367
428534
428548
428581
428642
428716
428746
428956
428964
428980
428982
429023
429027
429166
429216
429259
429335
429460
429515
429632
429659
429927
429948
430235
430715
431173
431195
431254
431413
431549
431558
431848
431906
431997
432044
432163
432312
432330
432472
432473
432620
432627
432679
432688
432696
432722
432782
432814
432935
433001
433200
433241
433590
433593
433596
433796
433871
433892
433938
433986
434171
434258
434292
434387
434756
434952
435186
435220
435412
435454
435467
435554
435660
435748
435818
435943
435959
435988
436030
436172
436195
436307
436311
436346
436480
436598
436666
436732
436755
436771
436894
437033
437041
437387
437421
437645
437681
437718
437721
437735
437804
437837
437952
438022
438030
438187
438275
438339
438357
438371
438472
438478
438510
438542
438806
438849
438879
438916
439052
439156
439245
439254
439308
439454
439543
439672
439781
439866
439894
439906
439955
439977
439997
440134
440330
440568
440738
440777
440997
441061
441295
441405
441440
441466
441539
441678
441748
441799
441975
442155
442478
442616
442616
442850
443015
443023
443255
443342
443361
443543
443670
443862
443965
444107
444175
444353
444576
444651
444743
445105
445139
445200
445270
445272
445323
445807
445932
446019
446089
446233
446256
446331
446400
446427
446514
446719
446900
446921
446947
447058
447103
447114
447169
447173
447259
447418
447771
447780
447827
447859
447875
447907
448043
448089
448127
448140
448160
448454
448800
449073
449128
449253
449280
449412
449430
449519
449528
449646
449767
449862
450019
450061
450186
450196
450207
450317
450319
450339
450428
450435
450437
450472
450719
450969
451001
451172
451229
451244
451292
451307
451357
451412
451514
451536
451561
451793
451863
451903
452301
452465
452486
452497
452636
452642
452798
452896
452985
453005
453111
453142
453298
453442
453455
453545
453551
453566
453628
453701
453878
453905
453928
453975
453981
454026
454314
454406
454430
454534
454816
455277
455454
455530
455605
455684
455910
455976
455981
456087
456131
456209
456225
456252
456343
456385
456386
456473
456703
456756
456877
457006
457040
457082
457595
457627
457670
457708
457908
457976
458350
458351
458404
458444
458481
458521
458543
458604
458690
458860
459111
459240
459290
459352
459465
459486
459512
459608
459839
459917
459942
459998
460102
460158
460204
460406
460487
460541
460693
460863
460934
460985
461016
461045
461278
461338
461382
461554
461599
461676
461846
461852
461949
461957
461962
462050
462090
462135
462230
462520
462565
462810
462880
463233
463450
463484
463517
463521
463605
463643
463835
463861
463890
463904
464041
464041
464060
464110
464184
464205
464246
464247
464273
464356
464568
464647
464654
464708
464709
464803
464817
464819
464871
464951
464990
465186
465205
465350
465525
465609
465630
465674
465698
465706
465911
466043
466132
466196
466211
466243
466312
466432
466743
466831
466849
466920
466965
467068
467090
467251
467270
467315
467336
467341
467388
467428
467457
467498
467620
467723
467755
467806
467875
468005
468097
468301
468309
468365
468511
468514
468741
468744
468822
468824
468996
469399
469452
469461
469525
469560
469591
469792
469959
470073
470113
470139
470142
470145
470265
470333
470396
470453
470760
470770
470871
471065
471373
471433
471461
471473
471491
471573
471656
471724
471805
472138
472159
472234
472312
472480
472507
472956
472956
473041
473666
473669
474032
474124
474153
474208
474274
474302
474448
474475
474483
474507
474511
474518
474575
474623
474680
474748
474774
474795
474834
474866
475029
475061
475245
475250
475309
475341
475578
475602
475763
475891
475984
475989
476193
476234
476334
476411
476418
476465
476480
476501
476565
476943
476980
477078
477282
477423
477457
477552
477681
477683
477798
477912
477951
478033
478282
478301
478353
478397
478418
478466
478599
478652
478750
478760
478910
478963
478994
479072
479074
479139
479193
479321
479421
479620
479661
479695
479737
480008
480013
480025
480101
480473
480538
480635
480870
480885
480919
481223
481448
481528
481690
481764
481858
481915
481939
481944
482020
482193
482204
482228
482451
482548
482623
482723
482747
482789
482809
482984
483002
483128
483178
483215
483333
483747
483784
483790
483831
484362
484371
484395
484438
484478
484521
484526
484710
484825
484833
484877
484964
485030
485514
485601
486251
486324
486468
486493
486517
486622
486672
486692
486843
487039
487174
487192
487220
487362
487370
487475
487612
487776
487784
487851
487926
487950
487969
488069
488133
488146
488230
488266
488285
488492
488515
488530
488579
488822
488834
488855
488872
488947
488975
489177
489223
489344
489703
489772
490222
490333
490384
490388
490613
490848
490914
491206
491291
491307
491314
491367
491442
491524
491550
491614
491897
492367
492517
492627
492808
492902
492950
493025
493227
493264
493434
493510
493526
493639
493697
493865
493982
493990
494116
494172
494334
494490
494554
494560
494616
494653
494669
494693
494699
494768
494782
494833
494845
495090
495184
495400
495469
495476
495485
495648
495663
495895
495933
495947
496094
496130
496152
496238
496271
496405
496455
496532
496540
496577
496814
496827
496837
496903
496922
497008
497061
497120
497172
497360
497462
497660
497668
497714
498110
498160
498458
498481
498717
498918
498919
498927
498952
499014
499021
499118
499210
499357
499415
499434
499501
499517
499573
499720
499811
500014
500034
500285
500374
500627
500835
500850
500878
500948
500980
501013
501079
501519
501660
501756
501777
501903
502022
502037
502057
502087
502216
502228
502357
502499
502546
502573
502594
502765
502768
502894
502932
502976
503008
503164
503314
503328
503458
503477
503520
503614
503616
503838
503856
504244
504245
504489
504531
504681
504799
504977
505015
505071
505140
505335
505488
505690
505744
505929
506075
506140
506472
506549
506996
507006
507156
507238
507325
507345
507420
507460
507495
507539
507684
507738
507808
508160
508218
508232
508360
508400
508413
508854
508974
509064
509097
509278
509293
509552
509597
509705
509770
509787
509847
509923
509938
510010
510018
510046
510220
510266
510271
510401
510408
510491
510677
510866
510982
511186
511195
511275
511427
511519
511538
511567
511793
511808
511994
512096
512158
512172
512210
512238
512317
512420
512424
512437
512555
512640
512669
512714
512801
512811
512823
512867
512893
513044
513132
513200
513241
513243
513298
513314
513376
513508
513536
513582
513588
513657
513666
513679
513733
513781
513859
513898
514037
514070
514077
514084
514313
514328
514570
514623
514626
514820
515099
515194
515562
515630
515649
515669
515681
515709
515765
515888
516101
516367
516420
516481
516535
516665
516823
516899
516916
516916
516925
516956
517142
517166
517392
517529
517664
517704
517863
517875
517896
517906
517917
518009
518023
518266
518291
518419
518425
518500
518533
518604
518735
519125
519147
519187
519213
519320
519480
519581
519719
519764
519768
519872
519881
520066
520120
520167
520422
520597
520640
520687
520878
520879
520969
521030
521096
521128
521348
521451
521501
521614
521673
521781
521868
522164
522175
522328
522449
522532
522592
522720
522722
522728
522786
523230
523260
523322
523347
523387
523525
523542
523633
523821
523842
524215
524224
524311
524392
524426
524530
524581
524632
524733
524845
524960
525079
525313
525327
525404
525819
525837
525969
526071
526337
526402
526556
526659
526731
526782
526789
526858
526927
526966
527102
527154
527270
527395
527455
527485
527618
527662
527702
527731
527907
527964
528312
528527
528780
528882
528924
529109
529112
529245
529366
529388
529616
529659
529725
529742
529795
529970
530042
530179
530216
530218
530307
530480
530586
530605
530619
530679
530706
530831
530927
530949
531063
531063
531109
531119
531317
531487
531786
531869
531901
531943
532241
532378
532413
532502
532505
532556
532866
532944
532982
533001
533099
533366
533484
533512
533727
533800
533812
534077
534104
534159
534552
534587
534598
534629
534790
534875
535083
535116
535233
535286
535358
535379
535400
535440
535517
535578
535598
535732
535769
535873
536113
536155
536198
536366
536367
536420
536507
536517
536541
536552
536611
536676
536730
536761
536762
536930
537014
537023
537073
537082
537350
537380
537505
537766
537800
537847
537850
537866
537881
537882
537923
537996
538021
538097
538106
538160
538161
538361
538544
538565
538729
538820
539140
539146
539494
539532
539550
539576
539732
539740
539859
539862
539874
539896
539992
540057
540092
540164
540187
540286
540301
540302
540475
540511
540516
540541
540555
540586
540664
540689
540834
540988
541054
541088
541125
541423
541515
541544
541568
541596
541715
541768
542085
542218
542235
542320
542332
542362
542549
542705
542767
542900
542991
543077
543230
543254
543372
543564
543590
543639
543641
543802
543827
543896
543971
543991
544002
544019
544108
544269
544346
544416
544490
544671
544725
544771
544813
544824
545089
545546
545549
545710
545746
545749
545785
545801
545810
546261
546344
546447
546590
546862
546882
546928
547032
547143
547312
547324
547346
547367
547403
547444
547455
547466
547616
547631
547724
547745
547942
548036
548088
548097
548329
548505
548666
548728
548858
548948
548956
549034
549108
549248
549267
549351
549359
549501
549688
549691
549809
549830
549864
549989
550017
550073
550112
550229
550377
550392
550640
550663
550830
550940
551019
551119
551207
551278
551414
551555
551682
551727
551775
551820
551860
552089
552099
552284
552510
552584
552605
552615
552660
552750
553123
553137
553157
553410
553679
553958
554081
554081
554121
554145
554560
554644
554835
554870
554912
554916
554921
555113
555238
555434
555519
555575
555597
555641
555724
555756
555813
555816
555823
555845
555960
556019
556049
556150
556297
556354
556385
556414
556517
556544
556553
556630
556690
556927
557032
557088
557141
557388
557533
557546
557589
557628
557652
557747
557760
557997
558141
558158
558201
558350
558500
558638
558698
558786
558814
558971
559004
559128
559174
559200
559239
559438
559517
559564
559572
559862
559886
559943
559974
560040
560197
560217
560219
560221
560362
560400
560493
560628
560682
560760
560774
560819
561080
561361
561486
561649
561679
561745
561770
562018
562143
562194
562294
562336
562573
562623
562707
562763
562786
562865
562996
563201
563208
563273
563347
563354
563414
563641
563692
563842
563849
563855
564230
564301
564364
564384
564501
564537
564778
564814
565110
565210
565251
565443
565659
565751
565842
565902
565934
566106
566123
566228
566353
566381
566389
566466
566510
566590
566598
566637
566699
566705
566738
566782
566841
566876
566982
567001
567027
567052
567216
567218
567316
567319
567472
567584
567779
567790
568164
568447
568549
568571
568653
568713
568723
568788
569000
569047
569198
569342
569670
569715
569730
569747
569946
569967
570048
570091
570174
570320
570330
570331
570562
570654
570703
570705
570731
570834
570849
570957
571040
571149
571196
571204
571250
571696
571717
571759
571913
571920
572131
572383
572466
572473
572494
572531
572650
572660
572731
572802
572897
572924
572940
573033
573140
573195
573208
573217
573225
573297
573357
573447
573580
573601
573602
573666
573819
573835
574170
574235
574391
574400
574517
574521
574543
574586
574806
574877
575133
575194
575249
575469
575542
575599
575666
575997
576111
576132
576234
576249
576445
576450
576486
576510
576534
576543
576859
576888
576948
576963
577163
577189
577281
577412
577454
577459
577489
577773
577933
577950
578058
578069
578119
578132
578154
578155
578192
578559
578569
578599
578676
578745
578878
579089
579225
579279
579345
579466
579518
579519
579734
579783
579816
579882
579945
579971
580228
580361
580512
580745
580745
580802
580871
580920
581070
581076
581154
581235
581344
581540
581554
581567
581651
582056
582098
582126
582168
582188
582197
582245
582257
582360
582431
582759
582797
582860
582864
582928
583126
583134
583159
583186
583475
583516
583543
583885
584054
584102
584182
584365
584436
584466
584735
584790
584926
584938
585137
585212
585399
585412
585444
585487
585498
585829
585905
585956
586083
586179
586555
586688
586978
587179
587408
587414
587465
587532
587660
587664
587679
587742
587968
587968
588107
588154
588200
588323
588542
588597
588604
588613
588657
588728
588747
588893
589001
589075
589158
589169
589178
589223
589240
589365
589396
589479
589488
589538
589576
589666
589802
589958
590015
590129
590160
590304
590326
590344
590381
590539
590549
590990
591012
591024
591118
591271
591275
591430
591443
591447
591448
591456
591527
591596
591619
591722
591736
591850
591860
591987
591989
592139
592464
592611
592645
592729
592837
592845
592875
592927
593199
593216
593233
593930
593947
594106
594268
594313
594368
594486
594509
594574
594645
594959
594985
595069
595256
595328
595357
595396
595540
595553
595663
595700
595825
595947
596000
596002
596003
596126
596234
596464
596497
596591
596609
596762
596803
596965
597013
597022
597047
597106
597148
597171
597194
597230
597265
597302
597309
597394
597431
597458
597464
597572
597585
597691
597762
597766
597824
597904
597933
597971
598018
598042
598095
598230
598235
598319
598347
598384
598414
598463
598468
598528
598664
598746
598857
598863
598946
598988
599044
599156
599192
599296
599308
599310
599330
599511
599705
599774
599799
599863
599923
599965
599970
599987
600027
600335
600365
600432
600472
600509
600534
600543
600819
600953
601265
601267
601275
601365
601397
601460
601505
601561
601667
601725
601759
601839
601866
601952
601995
602074
602091
602140
602198
602286
602291
602340
602545
602611
602656
602724
602740
602758
602764
602873
602903
603046
603047
603047
603362
603415
603418
603420
603508
603531
603571
603689
603717
603733
603750
603779
604092
604158
604359
604520
604565
604772
604844
604871
604940
605504
605528
605675
605735
605785
605845
605849
605855
605933
605957
606083
606106
606305
606392
606586
606610
607127
607143
607144
607219
607486
607576
607618
607621
607812
607823
607842
607844
607906
607937
608028
608077
608247
608382
608436
608763
608877
608911
608941
608945
609253
609279
609344
609416
609420
609629
609665
609796
609802
609842
609897
609931
609951
610004
610029
610129
610346
610682
610775
611100
611140
611155
611157
611167
611252
611284
611329
611361
611374
611487
611679
611714
611715
611770
611771
611877
611989
611991
612037
612119
612388
612553
612598
612635
612908
613128
613161
613171
613454
613545
613574
613595
613617
613693
613834
614011
614164
614240
614363
614466
614578
614709
614770
614979
615089
615183
615266
615487
615573
615617
616156
616159
616324
616341
616478
616508
616557
616603
616983
617032
617186
617322
617357
617498
617757
617794
617819
617862
617940
618086
618260
618296
618528
618552
618588
618589
618645
618709
618712
618734
618766
618810
618873
618929
618955
618977
619089
619472
619502
619524
619653
619696
619740
619870
619897
619913
620002
620030
620055
620208
620212
620319
620409
620469
620549
620616
620787
620874
620928
621050
621182
621283
621608
621820
621875
622047
622114
622246
622263
622348
622387
622432
622470
622512
622766
622971
623067
623070
623119
623130
623243
623315
623437
623474
623535
623546
623603
623730
623962
623971
623987
624073
624230
624308
624364
624700
624715
624726
624756
624783
624791
624866
625079
625086
625145
625161
625271
625395
625430
625532
625536
625628
625675
625935
625973
626362
626389
626465
626556
626687
627040
627158
627182
627201
627226
627321
627339
627350
627403
627426
627443
627455
627560
627661
627861
627932
627971
627973
628093
628267
628286
628337
628531
628659
628796
628826
629040
629080
629107
629200
629344
629387
629485
629552
629635
629774
629817
630128
630142
630168
630438
630466
630611
630661
630821
631063
631074
631243
631426
631428
631432
631555
631599
631642
631701
631706
631732
631750
631813
632013
632127
632133
632149
632155
632168
632276
632319
632322
632474
632505
632601
633279
633601
633755
633825
633897
633966
634006
634141
634217
634304
634424
634489
634574
634765
634784
634835
634877
634899
634938
635014
635092
635196
635331
635354
635646
635661
635836
635950
635958
635975
636003
636104
636268
636388
636395
636603
636749
636786
636814
636841
636978
636996
637038
637301
637328
637384
637551
637646
637772
637814
637856
637910
637912
638080
638118
638219
638249
638382
638626
638651
638773
639225
639660
639690
639720
639752
639785
639796
639946
639985
639991
640016
640156
640200
640352
640379
640595
640694
640903
640959
640963
640982
641161
641169
641209
641240
641423
641617
641676
641817
641940
642057
642095
642162
642248
642460
642473
642486
642594
642669
642707
642832
642834
642844
642886
642980
643022
643048
643270
643289
643331
643397
643497
644096
644144
644146
644186
644280
644430
644663
644733
644810
644941
644955
645132
645353
645397
645448
645456
645491
645642
645645
645861
645905
645983
645998
646016
646279
646355
646624
646725
646725
646753
646770
646804
646823
646880
646935
646955
646959
647097
647497
647502
647528
647613
647662
647837
647955
648159
648230
648245
648274
648372
648415
648578
648632
648806
648850
648879
648911
649043
649080
649116
649179
649231
649299
649334
649538
649684
649726
649789
649824
649829
649861
649965
650095
650176
650206
650222
650314
650338
650375
650420
650558
650614
650716
650728
650824
650915
650951
651273
651308
651428
651556
651652
651662
651729
651791
651800
651831
651843
651868
651887
651938
652034
652058
652181
652231
652432
652438
652492
652503
652504
652659
652692
652703
652751
652807
653167
653176
653280
653283
653393
653570
653640
654095
654145
654149
654177
654180
654185
654260
654410
654432
654654
654744
654768
654869
654949
654961
654982
655216
655280
655287
655407
655454
655581
655582
655596
655619
655631
655774
655917
656005
656260
656303
656469
656502
656660
656871
657044
657073
657124
657169
657304
657355
657375
657387
657431
657470
657498
657583
657684
657821
658048
658147
658205
658336
658352
658576
658623
658861
658993
659215
659351
659366
659387
659545
659647
659703
659761
659852
660051
660076
660173
660255
660267
660302
660476
660737
660787
660824
660972
660984
661104
661179
661240
661274
661350
661456
661458
661489
661496
661631
661647
661922
661943
661967
662028
662150
662203
662214
662243
662303
662332
662353
662359
662359
662384
662421
662494
662586
662606
662609
662806
663104
663219
663241
663305
663321
663323
663382
663383
663402
663403
663667
663688
663774
663806
664159
664170
664303
664355
664436
664505
664535
664670
664677
664752
664849
664879
664945
664994
664998
665012
665022
665033
665160
665177
665257
665341
665382
665487
665670
665716
666033
666093
666123
666142
666191
666691
666755
666903
667192
667380
667476
667699
667733
667745
667901
667966
668005
668016
668068
668099
668167
668446
668546
668552
668594
668717
668772
668829
668875
669074
669102
669206
669251
669296
669323
669346
669380
669382
669426
669500
669507
669700
669715
669725
669752
669853
669894
670042
670235
670473
670557
670574
670701
670737
670796
671048
671098
671162
671185
671345
671509
671677
671687
671768
671804
671915
671965
671984
672000
672136
672144
672256
672268
672372
672397
672439
672595
672729
672970
673064
673121
673211
673416
673483
673693
673728
673745
673830
673955
674134
674137
674238
674431
674625
674886
675062
675150
675262
675293
675368
675406
675473
675532
675733
675753
675838
675960
675984
675985
676074
676206
676333
676377
676549
676657
676700
676791
677121
677167
677247
677301
677560
677818
677834
677885
677900
678138
678156
678181
678243
678360
678553
678558
678698
678717
678756
678779
678873
679032
679172
679466
680010
680173
680255
680311
680534
680583
680649
680659
680667
680701
680891
681036
681096
681379
681474
681574
681599
681709
681772
681798
681875
681885
681940
682089
682160
682427
682487
682551
682606
682641
682662
682708
682745
682930
682976
683038
683125
683257
683272
683344
683376
683425
683439
683491
683830
683942
684026
684096
684147
684220
684275
684400
684585
684618
684677
684831
684853
684861
685075
685166
685254
685309
685324
685437
685443
685548
685568
685572
686089
686091
686107
686237
686369
686412
686416
686575
686653
686666
686765
686878
686893
686907
686954
687072
687145
687317
687398
687398
687768
687811
687868
687915
687929
687988
688054
688070
688082
688108
688149
688212
688430
688433
688508
688560
688694
688746
688812
688821
688828
688863
688951
689085
689122
689174
689308
689565
689570
689606
689614
689658
689699
689745
689791
689865
689870
690001
690008
690041
690173
690294
690305
690483
690486
690570
690601
690671
690680
690689
690744
690796
690876
690924
691015
691071
691183
691338
691386
691437
691547
691571
691715
691818
691933
691949
692103
692108
692123
692214
692634
692810
692820
692885
692981
693063
693112
693177
693324
693466
693709
693716
693733
693755
693850
693874
693941
693966
693996
694031
694041
694350
694525
694531
694667
694768
694773
694846
694874
694998
695126
695182
695255
695269
695494
695602
695621
695701
695795
695822
695923
695949
696053
696225
696242
696304
696317
696562
696651
696652
696746
696870
696965
696968
697052
697067
697070
697075
697121
697181
697275
697288
697420
697888
698124
698135
698156
698206
698278
698363
698367
698636
698740
698844
698889
699023
699028
699397
699453
699596
699712
699748
699806
699867
699971
700108
700161
700282
700382
700545
700608
700625
700801
700945
701236
701395
701405
701434
701755
701873
701895
701949
702067
702293
702302
702312
702387
702431
702491
702629
702704
702707
702741
702819
702884
703061
703135
703151
703329
703410
703624
703634
703740
703813
704003
704023
704481
704616
704673
704740
704782
704793
704830
705175
705251
705251
705338
705348
705416
705507
705613
705722
705731
705763
705814
705847
705999
706295
706376
706385
706498
706514
706515
706543
706742
706762
706843
706887
706906
706964
707184
707202
707223
707427
707535
707649
707723
707815
707934
708143
708531
708611
708663
708804
708887
709130
709458
709483
709582
709648
709712
709786
709952
710003
710095
710252
710418
710725
710779
710798
710849
710874
711002
711120
711305
711357
711387
711434
711550
711581
711626
711803
711810
712213
712216
712405
712422
712488
712498
712543
712558
712565
712583
712626
712647
712781
712816
712871
712888
712892
712906
713250
713416
713471
713558
713774
713776
713826
713917
713919
713932
714100
714116
714127
714262
714299
714362
714480
714579
714608
714626
714657
714846
715010
715060
715114
715239
715331
715470
715678
715798
715942
716299
716398
716580
716595
716650
716743
716794
716849
716951
716951
716967
717056
717089
717113
717302
717349
717389
717429
717523
717664
717767
717869
717961
717973
718072
718094
718100
718328
718407
718419
718646
718738
718743
718758
718794
718816
718842
718922
719040
719080
719252
719259
719309
719424
719425
719441
719457
719601
719653
719658
719705
719783
719796
719999
720018
720077
720135
720207
720229
720488
720579
720779
720808
720831
720942
721204
721208
721347
721390
721531
721716
721717
721821
721860
721933
722027
722095
722152
722209
722347
722395
722455
722486
722693
722720
722786
722983
722984
723008
723111
723112
723147
723171
723180
723327
723382
723557
723641
723773
723790
723806
723836
723978
724249
724313
724513
724523
724606
724661
724739
724852
724880
725319
725376
725450
725541
725603
725654
725787
725829
725939
725946
725951
726187
726211
726344
726398
726434
726435
726452
726486
726608
727062
727175
727232
727261
727335
727466
727603
727646
727729
727790
727804
727848
728071
728362
728460
728464
728481
728504
728661
728736
728848
729009
729027
729048
729072
729074
729141
729192
729469
729606
729626
729870
730031
730040
730085
730148
730247
730362
730437
730456
730889
730933
730961
730969
731065
731459
731522
731527
731854
731869
731930
731991
732001
732085
732097
732171
732412
732472
732540
732673
732741
732873
732899
732990
733082
733126
733136
733192
733334
733389
733665
733739
733864
733944
734013
734034
734047
734073
734103
734132
734176
734216
734445
734462
734502
734659
734692
734832
734879
734947
734998
735159
735205
735248
735333
735360
735649
735811
736279
736305
736479
736535
736762
736995
737073
737176
737329
737405
737458
737607
737755
737886
737889
738011
738303
738316
738403
738514
738516
738535
738563
738568
738627
738720
738891
738947
738969
739059
739163
739168
739273
739375
739402
739416
739514
739517
739533
739649
739676
739759
739913
739978
740133
740340
740446
740897
741126
741322
741523
741678
741719
741997
742018
742570
742794
742829
742933
743060
743137
743233
743434
743513
743756
743828
743861
743927
744068
744160
744236
744282
744382
744435
744494
744596
744686
744695
744731
744777
744813
745001
745028
745150
745196
745437
745483
745528
745530
745539
745610
745772
745809
745839
745887
745958
745987
746028
746119
746386
746420
746434
746528
746599
746703
746706
746715
746837
746957
747009
747101
747114
747532
747571
747574
747609
747640
747719
747776
747794
748103
748123
748241
748243
748406
748714
748729
748751
748782
748791
748855
748954
749022
749108
749332
749497
749579
749600
749725
749782
749793
750122
750245
750372
750446
750674
750692
750764
750779
750905
751034
751162
751203
751220
751259
751265
751310
751430
751570
751586
751965
751988
751989
752157
752198
752263
752389
752403
752432
752556
752604
752623
752637
752657
752706
752901
752987
752993
753127
753155
753202
753341
753469
753522
753529
753625
753739
753802
753850
753924
753988
754012
754278
754299
754312
754440
754456
754467
754472
754504
754637
754814
754858
754862
754878
754924
754946
754978
755089
755099
755118
755120
755192
755406
755502
755553
755557
755647
755652
755670
755780
755823
755831
755911
755916
755929
756123
756286
756322
756434
756463
756682
756717
756857
756890
756941
756941
757184
757283
757379
757502
757618
757672
757708
757739
757761
757886
757929
757932
757935
758018
758106
758271
758364
758448
758454
758491
758592
758617
758732
758790
759271
759406
759423
759427
759482
759701
759885
759996
760137
760173
760191
760217
760237
760328
760621
760656
760715
760764
760777
760881
760969
761066
761082
761163
761213
761235
761251
761300
761391
761492
761543
761575
761738
761767
761789
761866
761948
762246
762285
762570
762599
762634
762675
762693
762714
762945
763013
763100
763119
763124
763143
763320
763391
763721
764070
764100
764187
764207
764311
764321
764420
764421
764429
764585
764737
764784
764911
764968
764983
765047
765056
765067
765779
765863
765924
766301
766320
766412
766629
766737
766796
766811
766899
766977
767035
767096
767184
767338
767379
767406
767520
767559
767625
767769
767788
767808
767951
768063
768127
768201
768240
768445
768463
768861
768887
768913
769043
769085
769259
769261
769427
769436
769516
769550
769662
769722
770100
770103
770384
770385
770436
770574
770732
770779
770805
770958
771346
771588
771600
771613
771813
771916
772260
772303
772553
772633
772647
772686
772780
772859
772969
773030
773056
773086
773242
773281
773321
773394
773445
773633
773669
773757
773774
773799
773871
774105
774153
774250
774433
774568
774625
774731
774799
774830
774900
774970
775159
775192
775233
775375
775388
775392
775475
775547
775644
775644
775682
775746
775760
775786
775819
775850
775855
775936
776052
776096
776244
776338
776521
776529
776835
776917
777006
777047
777084
777090
777124
777191
777558
777570
777591
777594
777691
777724
777759
777885
777888
777997
778238
778345
778488
778618
778630
778742
778748
778754
778837
778912
779025
779181
779186
779236
779392
779553
779699
779866
779901
779999
780038
780288
780419
780448
780491
780517
780534
780540
780545
780697
780879
780915
781014
781210
781229
781352
781553
782085
782281
782286
782289
782398
782432
782533
782534
782644
782762
782817
782863
783015
783155
783203
783224
783300
783384
783429
783623
783680
783703
784026
784077
784096
784103
784144
784314
784373
784470
784580
784637
784672
784704
784776
784790
784908
784973
785061
785425
785433
785465
785640
785930
785959
786164
786306
786430
786463
786491
786588
786637
786659
786735
786749
786884
786906
786981
787011
787234
787259
787276
787355
787356
787394
787411
787417
787449
787455
787477
787572
787573
787583
787647
787693
787957
788061
788072
788120
788168
788225
788324
788398
788431
788494
788781
788912
789035
789039
789194
789201
789243
789250
789293
789439
789556
789561
789861
789894
790061
790230
790526
790762
790763
790794
790952
790961
791026
791083
791153
791155
791197
791360
791378
791387
791458
791521
791629
791732
791745
791912
791973
792023
792136
792162
792255
792290
792329
792356
792597
792626
792640
792686
792697
792702
792738
792785
792865
792923
792952
793090
793099
793113
793193
793247
793339
793514
793571
793855
793856
793984
793992
794128
794182
794214
794378
794598
795085
795161
795180
795419
795837
795930
795966
796024
796308
796322
796386
796796
796806
797087
797235
797275
797343
797425
797644
797680
797706
797726
797770
797785
797817
797833
798102
798533
798622
798649
798714
798772
798823
798887
799075
799160
799217
799268
799327
799390
799563
799704
799714
799750
799813
799858
799961
800009
800010
800026
800112
800220
800258
800284
800295
800353
800447
800555
800570
800712
800797
800873
800916
801044
801084
801115
801165
801331
801358
801378
801416
801498
801640
801733
801875
801944
802141
802277
802337
802441
802727
802803
802862
802969
802973
802976
803490
803600
803655
803714
803716
803832
803897
803936
804014
804055
804144
804150
804201
804247
804290
804387
804763
804787
804874
804930
804965
804968
805319
805443
805550
805735
805751
805865
805976
806003
806115
806150
806229
806344
806409
806438
806607
806710
806814
806894
806931
806935
806995
807106
807163
807197
807449
807486
807487
807502
807550
807551
807681
807782
807803
807903
807922
807954
808002
808115
808205
808539
808614
808909
808936
808945
808950
808974
808984
809084
809230
809264
809350
809734
809739
809803
809878
809954
810005
810058
810098
810128
810371
810441
810722
810774
810776
810911
811051
811233
811300
811317
811528
811570
811710
811749
811794
811806
812171
812214
812586
812633
812820
813053
813066
813232
813239
813510
813560
813561
813577
813623
813801
813887
813891
814201
814256
814310
814336
814347
814377
814430
814441
814446
814493
814523
814578
814584
814594
814597
814634
814707
814721
814793
815275
815493
815507
815528
815639
815696
815711
815802
815813
815992
816013
816174
816275
816428
816461
816626
816933
817053
817077
817311
817495
817596
817601
817609
817659
817723
818082
818111
818235
818366
818383
818424
818482
818487
818516
818545
818620
818907
819001
819046
819161
819338
819487
819655
819685
819876
819933
819961
819995
820016
820061
820085
820371
820645
820725
820857
820921
820992
821018
821052
821157
821164
821170
821232
821324
821394
821410
821510
821546
821768
821783
821847
821899
821927
821942
821974
822011
822369
822623
822649
822683
822702
823012
823091
823117
823282
823299
823363
823427
823487
823525
823594
823801
823859
824178
824195
824243
824298
824346
824369
824372
824481
824497
824503
824543
824577
824639
824814
824865
825027
825109
825230
825265
825521
825541
825542
825582
825597
825619
825665
825667
825890
826083
826096
826260
826351
826485
826511
826718
826846
827129
827569
827639
827810
827865
827871
827924
827957
828081
828361
828430
828628
828662
828720
828766
828834
828958
829045
829249
829334
829429
829455
829463
829485
829612
829680
829692
829863
829888
829911
829953
830068
830144
830174
830344
830391
830401
830547
830591
830652
830682
830824
830836
830911
831087
831120
831219
831559
831580
831697
831825
832082
832129
832238
832370
832452
832565
832583
832738
832781
832887
832898
832941
832973
833311
833382
833463
833503
833609
833671
833676
833712
833733
833865
833882
833906
834091
834208
834210
834250
834394
834421
834495
834538
834539
834588
834719
834747
834822
835013
835060
835111
835245
835275
835483
835509
836099
836163
836187
836328
836411
836604
836694
836721
836735
836794
836805
836923
836998
836998
837033
837104
837122
837158
837291
837492
837740
837744
837752
837858
837859
837962
838041
838114
838282
838309
838376
838674
838723
838735
839279
839420
839675
839853
839988
840061
840163
840198
840280
840293
840439
840492
840526
840644
840678
840892
840903
841006
841041
841042
841257
841271
841292
841634
841806
841902
841918
842006
842125
842188
842247
842333
842409
842419
842547
842681
842695
842742
842749
842792
843061
843193
843926
843973
844029
844177
844304
844333
844505
844674
844847
844864
845029
845054
845115
845156
845367
845386
845510
845628
845699
845835
845842
845863
845946
846067
846136
846249
846258
846267
846283
846422
846525
846557
846688
846713
846937
846977
847088
847104
847137
847154
847471
847554
847619
847696
847902
847929
847990
848054
848065
848298
848354
848512
848516
848558
848610
848633
848672
848703
848757
848758
848787
848984
849041
849086
849108
849182
849196
849238
849267
849418
849534
849571
849636
849758
849995
850070
850193
850329
850512
850710
850854
851077
851340
851377
851394
851500
851508
851514
851532
851575
851654
851705
851756
851880
851981
852032
852068
852141
852222
852288
852438
852559
852633
852783
852837
852887
852955
853244
853284
853514
853575
853586
853762
853883
854033
854131
854190
854234
854574
854613
854615
854768
854847
854852
854955
855025
855394
855421
855478
855569
855589
855739
855806
855833
855842
856063
856182
856243
856245
856355
856356
856369
856610
856618
856751
857057
857135
857160
857190
857305
857417
857484
857622
857659
857785
857876
858032
858063
858247
858347
858347
858656
858848
858939
858962
859000
859066
859414
859512
859542
859572
859611
859858
859885
859935
860038
860125
860133
860150
860195
860203
860335
860436
860547
860575
860723
860746
860804
860955
861119
861597
861767
861791
862085
862246
862296
862320
862377
862455
862459
862731
862814
862863
862890
863097
863157
863195
863240
863258
863406
863488
863590
863982
864006
864128
864225
864280
864300
864422
864571
864748
865148
865202
865227
865270
865273
865277
865493
865764
865835
865905
865956
866052
866152
866155
866230
866303
866341
866345
866398
866461
866616
866632
866736
866764
866848
866883
866919
866973
867028
867436
867464
867495
867510
867512
867648
867720
867765
867875
867956
868122
868337
868358
868369
868379
868458
868517
868537
868608
868800
868809
868909
869185
869201
869208
869217
869306
869540
869545
869608
869631
869904
870407
870657
870749
870772
870930
870949
870978
871010
871096
871126
871199
871217
871279
871405
871555
871597
871613
871803
871895
871991
872056
872082
872242
872392
872406
872430
872441
872508
872532
872741
872783
873323
873405
873420
873518
873728
873871
873948
873962
874029
874141
874216
874371
874434
874485
874584
874588
874600
874652
874654
874679
874773
874816
874901
874913
875227
875278
875334
875400
875457
875549
875584
875589
875626
875645
875691
875698
875770
875926
876068
876095
876100
876404
876705
876795
876885
877109
877199
877255
877289
877485
877493
877587
877709
877765
877891
878117
878408
878545
878709
878784
878824
878885
878966
878996
879059
879115
879119
879279
879282
879289
879423
879440
879748
879916
879985
879989
880006
880205
880370
880481
880639
880958
881079
881117
881153
881168
881210
881223
881307
881508
881532
881689
881725
881794
881844
881857
881899
881906
881907
881916
882000
882056
882165
882175
882433
882585
882644
882657
882756
882775
882783
882845
883014
883155
883190
883311
883374
883596
883782
883891
884012
884122
884127
884131
884174
884463
884464
884705
884757
884985
885255
885307
885331
885347
885375
885528
885565
885587
885600
885999
886099
886185
886230
886268
886352
886441
886450
886699
886700
886919
887020
887176
887203
887274
887275
887434
887468
887496
887599
887618
887639
887878
888146
888349
888366
888436
888484
888622
888758
888778
888862
888877
889073
889188
889252
889363
889450
889509
889589
889600
889686
889717
889742
889770
889899
890007
890105
890130
890170
890264
890365
890648
890818
890841
890903
890964
891073
891211
891264
891307
891414
891553
891622
891658
891745
891751
891908
892076
892100
892538
892561
892595
892601
892620
892732
892846
892976
893308
893326
893403
893519
893570
893576
893688
893811
893930
893945
894080
894112
894121
894144
894181
894346
894424
894623
894641
894829
894889
895033
895123
895302
895335
895344
895386
895416
895467
895614
895633
895901
895932
896032
896202
896267
896299
896359
896402
896442
896457
896516
896541
896647
896733
896767
896775
896813
896986
896994
897140
897156
897162
897224
897357
897549
897577
897817
898109
898178
898224
898325
898432
898439
898445
898604
898608
898636
898703
898779
898893
899023
899090
899137
899290
899341
899353
899429
899600
899615
899646
899690
899791
899978
900012
900037
900076
900081
900087
900171
900307
900427
900477
900599
900709
900730
900850
900859
900984
901007
901044
901294
901313
901403
901415
901427
901673
901740
901745
901951
901958
901985
902187
902194
902295
902299
902574
902581
902727
903071
903228
903273
903322
903382
903682
903709
903740
903779
903911
904045
904123
904376
904653
904707
904760
904857
904921
904945
905005
905098
905102
905120
905249
905267
905268
905375
905473
905482
905547
905651
905765
905953
906088
906132
906288
906625
906628
906648
906673
906703
906731
906752
906798
906970
907220
907442
907534
907563
907611
907715
907956
907957
908077
908164
908170
908220
908272
908296
908298
908342
908519
908577
908675
908926
909145
909325
909358
909434
909552
909671
909685
909690
909719
909728
909789
909829
909903
910014
910489
910508
910629
910632
910672
910711
910772
910885
911021
911100
911122
911323
911457
911466
911524
911528
911618
911633
911696
911744
911811
911883
911949
912067
912068
912160
912474
912580
912627
912692
912837
912881
912927
912959
912976
913020
913057
913146
913159
913271
913309
913324
913407
913486
913794
913935
913955
914737
914781
914829
914987
915150
915152
915182
915315
915335
915423
915461
915527
915531
915590
915698
915810
915906
915908
915920
915961
916215
916290
916751
916755
916816
916891
916933
917082
917252
917598
917711
917756
917918
917996
918034
918586
918703
918717
918795
918908
918974
918998
919008
919019
919083
919408
919456
919532
919562
919592
919648
919662
919872
919980
920026
920153
920172
920189
920419
920448
920607
920631
920703
920847
920860
920989
921023
921162
921190
921310
921503
921526
921761
921776
921781
921799
921860
921903
922054
922072
922171
922367
922575
922635
922661
922775
922791
922815
922958
922999
923197
923201
923291
923376
923440
923458
923460
923572
923633
923657
923883
923943
924009
924058
924102
924267
924756
924822
924893
924989
925034
925047
925081
925083
925090
925137
925343
925435
925603
925839
925889
925945
925977
925978
926111
926147
926532
926718
926885
926976
927039
927112
927150
927202
927417
927459
927471
927623
927720
927777
927792
927907
927913
928360
928446
928550
928601
928706
928738
928894
929130
929136
929187
929219
929410
929559
929594
929825
929891
929983
930075
930154
930203
930304
930320
930343
930403
930483
930739
930745
931106
931227
931433
931486
932063
932069
932146
932325
932360
932438
932717
932787
932800
932816
932834
932868
932913
932945
933150
933300
933326
933467
933482
933484
933648
933735
933780
933795
933847
933919
933960
933981
934070
934139
934244
934344
934484
934495
934515
934573
934597
934647
934692
934947
935042
935060
935063
935226
935266
935433
935527
935599
935651
935871
935914
935997
936117
936118
936189
936294
936405
936413
936476
936595
936717
936730
936745
936786
936809
936828
936996
937013
937117
937163
937172
937337
937444
937613
937721
937725
937789
937817
937887
938010
938035
938272
938292
938387
938396
938412
938508
938554
938588
938593
939157
939194
939254
939527
939632
939680
939738
939829
939868
939869
939929
939941
939994
940081
940098
940106
940202
940370
940516
940518
940563
940656
940829
940923
941069
941073
941162
941180
941208
941238
941368
941399
941511
941533
941645
941782
941970
942587
942591
942813
942918
943196
943197
943204
943366
943521
943599
943663
943881
943910
944079
944120
944191
944229
944263
944481
944484
944509
944657
944749
944818
944844
944928
945149
945179
945202
945421
945450
945524
945599
945839
945886
946052
946173
946179
946281
946467
946506
946644
946684
946684
946795
946847
947104
947226
947408
947518
947877
947903
947926
948094
948142
948172
948190
948277
948450
948715
948759
948791
948837
949119
949137
949141
949161
949218
949225
949236
949277
949331
949385
949402
949416
949608
949664
949691
949727
949760
949972
950068
950137
950448
950490
950623
950815
950917
950954
951000
951014
951055
951080
951444
951467
951635
951660
951721
951782
951835
951843
951854
951882
952038
952059
952068
952167
952178
952295
952517
952529
952534
952596
952614
952743
952781
952937
952986
953081
953087
953181
953343
953425
953439
953557
953797
953919
953928
954200
954220
954357
954373
954377
954386
954449
954503
954660
954710
954751
954849
954930
955105
955316
955393
955709
955763
955809
955826
955847
955902
956148
956483
956497
956542
956710
956764
956826
956856
956882
956886
957206
957243
957474
957564
957592
957611
957633
957633
957718
957820
957828
957888
957936
957954
958109
958159
958224
958264
958302
958567
958576
958667
958670
958894
959015
959122
959159
959283
959298
959393
959508
959646
959653
959823
959834
959922
959933
959997
960169
960260
960510
960568
960588
960591
960704
960707
960752
960798
960885
960956
961052
961429
961461
961596
961626
961726
961741
961748
961896
961992
962044
962101
962109
962121
962132
962239
962264
962443
962535
962716
962832
963093
963115
963130
963156
963206
963400
963506
963515
963546
963566
963573
963599
963645
963874
963893
963928
964027
964120
964190
964372
964467
964483
964492
964530
964635
964712
964714
964727
964747
964960
965018
965138
965165
965189
965231
965278
965463
965464
965648
965744
965929
965955
965969
966575
966584
966587
966799
966952
967040
967052
967100
967162
967199
967244
967296
967339
967411
967423
967534
967564
967638
967730
967940
968016
968028
968085
968136
968208
968259
968377
968442
968664
968700
968727
968733
968761
968775
969107
969215
969269
969299
969410
969498
969685
969972
969973
970004
970170
970232
970273
970506
970762
970813
970857
970876
971000
971060
971145
971148
971188
971195
971241
971287
971323
971350
971367
971456
971526
971557
971639
971647
971654
971659
971809
972199
972276
972296
972460
972522
972596
972677
972798
972820
972841
972949
973053
973088
973229
973229
973325
973412
973488
973491
973544
973559
973668
973733
973783
973972
974160
974238
974249
974271
974344
974434
974446
974553
974645
974658
974688
974756
974782
974946
975179
975186
975211
975238
975534
975629
975632
975708
975822
975910
976032
976151
976263
976290
976347
976366
976404
976437
976540
976625
976639
976760
977003
977123
977207
977322
977426
977555
977585
977630
977684
977924
977927
978098
978158
978178
978285
978384
978408
978609
978696
978711
978803
978824
978854
979187
979225
979264
979325
979332
979377
979477
980002
980031
980032
980075
980502
980582
980632
980679
980683
980740
980803
980861
980915
981084
981209
981687
981759
981777
981779
981781
981891
981911
982182
982342
982360
982481
982488
982491
982511
982627
982721
982821
982941
982951
982968
983100
983156
983394
983484
983494
983607
983719
983792
983858
983949
983955
983997
984014
984024
984129
984153
984409
984491
984572
984573
984636
984644
984688
984732
985036
985290
985306
985375
985419
985645
985649
985896
986160
986182
986213
986360
986413
986455
986544
986626
986691
986908
987021
987035
987043
987063
987069
987141
987343
987367
987553
987678
987749
987755
987799
987803
987805
987892
987907
987937
987977
988072
988108
988185
988213
988279
988292
988311
988357
988476
988481
988689
988761
988784
988791
988836
988869
989008
989495
990056
990147
990148
990158
990256
990614
990966
991024
991107
991151
991227
991248
991542
991585
991648
991767
991923
992112
992139
992165
992255
992380
992451
992465
992481
993044
993105
993153
993489
993589
993604
993607
993746
993790
993806
993840
993892
993947
994021
994214
994256
994378
994398
994521
994696
994992
995176
995215
995263
995370
995426
995435
995728
995767
996249
996305
996307
996521
996748
996752
996793
997007
997047
997205
997372
997649
997676
997768
997961
997989
998225
998238
998357
998541
998656
998670
998717
998752
998797
998870
998932
998982
999041
999082
999111
999179
999229
999377
999394
999417
999792
999848
999855
999910
